{
  "cells": [
    {
      "cell_type": "markdown",
      "metadata": {
        "id": "view-in-github",
        "colab_type": "text"
      },
      "source": [
        "<a href=\"https://colab.research.google.com/github/VictorFrancheto/Complex_Network/blob/main/lista_1.ipynb\" target=\"_parent\"><img src=\"https://colab.research.google.com/assets/colab-badge.svg\" alt=\"Open In Colab\"/></a>"
      ]
    },
    {
      "cell_type": "markdown",
      "metadata": {
        "id": "5jfCRxjxeGhk"
      },
      "source": [
        "# Instalando a biblioteca `graph-tool`(https://graph-tool.skewed.de)\n",
        "\n",
        "---"
      ]
    },
    {
      "cell_type": "code",
      "execution_count": 1,
      "metadata": {
        "colab": {
          "base_uri": "https://localhost:8080/"
        },
        "id": "EDFi56pGeERm",
        "outputId": "cdd235fd-575b-4f63-a60c-84d63cdfedd4"
      },
      "outputs": [
        {
          "output_type": "stream",
          "name": "stdout",
          "text": [
            "gpg: key 612DEFB798507F25: \"Tiago de Paula Peixoto <tiago@skewed.de>\" not changed\n",
            "gpg: Total number processed: 1\n",
            "gpg:              unchanged: 1\n",
            "Hit:1 https://cloud.r-project.org/bin/linux/ubuntu jammy-cran40/ InRelease\n",
            "Hit:2 https://developer.download.nvidia.com/compute/cuda/repos/ubuntu2204/x86_64  InRelease\n",
            "Hit:3 http://security.ubuntu.com/ubuntu jammy-security InRelease\n",
            "Hit:4 http://archive.ubuntu.com/ubuntu jammy InRelease\n",
            "Hit:5 http://archive.ubuntu.com/ubuntu jammy-updates InRelease\n",
            "Ign:6 https://r2u.stat.illinois.edu/ubuntu jammy InRelease\n",
            "Hit:7 http://archive.ubuntu.com/ubuntu jammy-backports InRelease\n",
            "Hit:8 https://r2u.stat.illinois.edu/ubuntu jammy Release\n",
            "Hit:9 https://downloads.skewed.de/apt jammy InRelease\n",
            "Hit:10 https://ppa.launchpadcontent.net/deadsnakes/ppa/ubuntu jammy InRelease\n",
            "Hit:11 https://ppa.launchpadcontent.net/graphics-drivers/ppa/ubuntu jammy InRelease\n",
            "Hit:12 https://ppa.launchpadcontent.net/ubuntugis/ppa/ubuntu jammy InRelease\n",
            "Reading package lists... Done\n",
            "W: Skipping acquire of configured file 'main/source/Sources' as repository 'https://r2u.stat.illinois.edu/ubuntu jammy InRelease' does not seem to provide it (sources.list entry misspelt?)\n",
            "Reading package lists... Done\n",
            "Building dependency tree... Done\n",
            "Reading state information... Done\n",
            "python3-matplotlib is already the newest version (3.5.1-2build1).\n",
            "python3-graph-tool is already the newest version (2.77).\n",
            "The following packages were automatically installed and are no longer required:\n",
            "  libbz2-dev libpkgconf3 libreadline-dev\n",
            "Use 'apt autoremove' to remove them.\n",
            "The following NEW packages will be installed:\n",
            "  python3-cairo\n",
            "0 upgraded, 1 newly installed, 0 to remove and 65 not upgraded.\n",
            "Need to get 73.7 kB of archives.\n",
            "After this operation, 310 kB of additional disk space will be used.\n",
            "Get:1 http://archive.ubuntu.com/ubuntu jammy/main amd64 python3-cairo amd64 1.20.1-3build1 [73.7 kB]\n",
            "Fetched 73.7 kB in 0s (216 kB/s)\n",
            "Selecting previously unselected package python3-cairo:amd64.\n",
            "(Reading database ... 132750 files and directories currently installed.)\n",
            "Preparing to unpack .../python3-cairo_1.20.1-3build1_amd64.deb ...\n",
            "Unpacking python3-cairo:amd64 (1.20.1-3build1) ...\n",
            "Setting up python3-cairo:amd64 (1.20.1-3build1) ...\n"
          ]
        }
      ],
      "source": [
        "!mkdir -p /etc/apt/keyrings; mkdir -p ~/.gnupg; chmod 700 ~/.gnupg\n",
        "!gpg --no-default-keyring --keyring /etc/apt/keyrings/skewed.de.gpg --keyserver keyserver.ubuntu.com --recv-keys 612DEFB798507F25\n",
        "!echo \"deb [signed-by=/etc/apt/keyrings/skewed.de.gpg] https://downloads.skewed.de/apt $(lsb_release -s -c) main\" > /etc/apt/sources.list.d/skewed.list\n",
        "!apt-get update\n",
        "!apt-get install python3-graph-tool python3-matplotlib python3-cairo"
      ]
    },
    {
      "cell_type": "code",
      "execution_count": 2,
      "metadata": {
        "colab": {
          "base_uri": "https://localhost:8080/"
        },
        "id": "dLusWFrZatfM",
        "outputId": "996dc486-a76c-4f5f-f24d-c3dc69b65dee"
      },
      "outputs": [
        {
          "output_type": "stream",
          "name": "stdout",
          "text": [
            "Reading package lists... Done\n",
            "Building dependency tree... Done\n",
            "Reading state information... Done\n",
            "The following packages were automatically installed and are no longer required:\n",
            "  libbz2-dev libpkgconf3 libreadline-dev\n",
            "Use 'apt autoremove' to remove them.\n",
            "The following packages will be REMOVED:\n",
            "  python3-cairo*\n",
            "0 upgraded, 0 newly installed, 1 to remove and 65 not upgraded.\n",
            "After this operation, 310 kB disk space will be freed.\n",
            "(Reading database ... 132759 files and directories currently installed.)\n",
            "Removing python3-cairo:amd64 (1.20.1-3build1) ...\n",
            "Reading package lists... Done\n",
            "Building dependency tree... Done\n",
            "Reading state information... Done\n",
            "libcairo2-dev is already the newest version (1.16.0-5ubuntu2).\n",
            "pkg-config is already the newest version (0.29.2-1ubuntu3).\n",
            "python3-dev is already the newest version (3.10.6-1~22.04.1).\n",
            "The following packages were automatically installed and are no longer required:\n",
            "  libbz2-dev libpkgconf3 libreadline-dev\n",
            "Use 'apt autoremove' to remove them.\n",
            "0 upgraded, 0 newly installed, 0 to remove and 65 not upgraded.\n",
            "Collecting pycairo\n",
            "  Using cached pycairo-1.27.0-cp310-cp310-linux_x86_64.whl\n",
            "Installing collected packages: pycairo\n",
            "  Attempting uninstall: pycairo\n",
            "    Found existing installation: pycairo 1.27.0\n",
            "    Uninstalling pycairo-1.27.0:\n",
            "      Successfully uninstalled pycairo-1.27.0\n",
            "Successfully installed pycairo-1.27.0\n",
            "Requirement already satisfied: zstandard in /usr/local/lib/python3.10/dist-packages (0.23.0)\n"
          ]
        }
      ],
      "source": [
        "# O Colab usa uma instalação Python diferente da do sistema! Colaboração ruim! Precisamos de algumas soluções alternativas.\n",
        "!apt purge python3-cairo\n",
        "!apt install libcairo2-dev pkg-config python3-dev\n",
        "!pip install --force-reinstall pycairo\n",
        "!pip install zstandard"
      ]
    },
    {
      "cell_type": "markdown",
      "metadata": {
        "id": "BXEf2w1tax3Y"
      },
      "source": [
        "### Agora podemos usar a ferramenta gráfica como qualquer outro módulo Python"
      ]
    },
    {
      "cell_type": "code",
      "execution_count": 3,
      "metadata": {
        "id": "O4D7jrAEayXy"
      },
      "outputs": [],
      "source": [
        "import graph_tool.all as gt"
      ]
    },
    {
      "cell_type": "markdown",
      "metadata": {
        "id": "eywdBugMa3bP"
      },
      "source": [
        "# Redes Complexas\n",
        "---\n",
        "\n",
        "Redes selecionadas:\n",
        "\n",
        "https://networks.skewed.de/net/fresh_webs#fn:icon\n",
        "\n",
        "**Descrição:**\n",
        "Um conjunto de 26 redes de interações entre espécies em diferentes níveis tróficos em riachos na Nova Zelândia, Maine e Carolina do Norte. As redes incluem a identificação de espécies de insetos aquáticos, algas e peixes, além de suas interações tróficas. Matrizes de adjacência em Excel e texto simples estão disponíveis; as redes podem ser baixadas individualmente ou em grupo.\n",
        "\n",
        "**Citação:** R.M. Thompson and C.R. Townsend, \"Impacts on stream food webs of native and exotic forest: an intercontinental comparison.\" Ecology 84, 145-161 (2003)., https://doi.org/10.1890/0012-9658(2003)084[0145:iosfwo]2.0.co;2 [@sci-hub]\n",
        "\n",
        "----\n",
        "\n",
        "https://networks.skewed.de/net/bitcoin_alpha\n",
        "\n",
        "**Descrição:** Uma rede de relacionamentos de quem-confia-em-quém entre os usuários da plataforma **Bitcoin Alpha**. Cada aresta direcionada $(i, j, w)$ representa a avaliação do usuário $j$ pelo usuário $i$, na qual $i$ atribui a $j$ um peso $w$ em uma escala de $-10$ (total desconfiança) a $+10$ (total confiança) em passos de $1,1$.\n",
        "\n",
        "**Citação:**\n",
        "S. Kumar, F. Spezzano, V.S. Subrahmanian, and C. Faloutsos, \"Edge weight prediction in weighted signed networks.\" IEEE 16th International Conference on Data Mining (ICDM), 221-230 (2016), https://doi.org/10.1109/icdm.2016.0033 [@sci-hub]\n",
        "\n",
        "---\n",
        "https://networks.skewed.de/net/7th_graders\n",
        "\n",
        "**Descrição:** Uma pequena rede complexa de amizades entre $29$ alunos do sétimo ano em Victoria, Austrália. Os alunos indicaram colegas para três atividades diferentes (com quem você se dá bem na classe, quem são seus melhores amigos e com quem você preferiria trabalhar). A direção da aresta para cada um desses três tipos de arestas indica se o nó $i$ nomeou o nó $j$, e o peso da aresta indica a frequência dessa nomeação. Os alunos de 1 a 12 são meninos e os de 13 a 29 são meninas.\n",
        "\n",
        "**Citação:** M. Vickers and S. Chan, \"Representing Classroom Social Structure.\" Melbourne: Victoria Institute of Secondary Education, (1981)\n",
        "\n"
      ]
    },
    {
      "cell_type": "markdown",
      "metadata": {
        "id": "JJPnw_gtbjJK"
      },
      "source": [
        "### Importando bibliotecas"
      ]
    },
    {
      "cell_type": "code",
      "execution_count": 4,
      "metadata": {
        "id": "C-m_JrQjbiUT"
      },
      "outputs": [],
      "source": [
        "import networkx as nx\n",
        "import numpy as np\n",
        "import matplotlib.pyplot as plt"
      ]
    },
    {
      "cell_type": "markdown",
      "metadata": {
        "id": "EkWKNkyENW5u"
      },
      "source": [
        "**Exercício 1.** Caracterizar as redes selecionadas mencionando de onde elas foram obtidas, qual o significado dos vértices e arestas, o que a rede modela (pra que ela é usada em algum estudo). Calcular o número de vértices e arestas.\n"
      ]
    },
    {
      "cell_type": "markdown",
      "metadata": {
        "id": "rSXiOhNUL_I2"
      },
      "source": [
        "# Função para ler as redes e calculas os nós e arestas"
      ]
    },
    {
      "cell_type": "code",
      "execution_count": 5,
      "metadata": {
        "id": "7Xrj_mqXL9_c"
      },
      "outputs": [],
      "source": [
        "def convert_graph_tool_to_networkx(gt_graph):\n",
        "    \"\"\"\n",
        "    Converte um grafo do Graph-tool para NetworkX, mantendo a direção das arestas\n",
        "    e verifica se é acíclico.\n",
        "\n",
        "    Parâmetros:\n",
        "    gt_graph (GraphTool Graph): Grafo do Graph-tool.\n",
        "\n",
        "    Retorna:\n",
        "    G_nx (networkx.DiGraph): Grafo convertido para NetworkX.\n",
        "    N (int): Número de nós no grafo.\n",
        "    M (int): Número de arestas no grafo.\n",
        "    aciclico (bool): Indica se o grafo é acíclico.\n",
        "    \"\"\"\n",
        "    # Criando um grafo vazio do NetworkX\n",
        "    G_nx = nx.DiGraph()\n",
        "\n",
        "    # Adicionando arestas do grafo do Graph-tool para o grafo do NetworkX\n",
        "    for edge in gt_graph.edges():\n",
        "        G_nx.add_edge(edge.source(), edge.target())\n",
        "\n",
        "    # Convertendo rótulos de nós para inteiros\n",
        "    mapeamento = {node: idx for idx, node in enumerate(G_nx.nodes())}\n",
        "    G_nx = nx.relabel_nodes(G_nx, mapeamento)\n",
        "\n",
        "    # Obtendo o número de nós e arestas\n",
        "    N = len(G_nx)\n",
        "    M = G_nx.number_of_edges()\n",
        "\n",
        "    # Verificando se o grafo é acíclico\n",
        "    aciclico = nx.is_directed_acyclic_graph(G_nx)\n",
        "\n",
        "    return G_nx, N, M, aciclico\n"
      ]
    },
    {
      "cell_type": "markdown",
      "metadata": {
        "id": "E91l8RowMRCV"
      },
      "source": [
        "#### Calculando o número de nós e arestas da rede `fresh_webs`"
      ]
    },
    {
      "cell_type": "code",
      "execution_count": 6,
      "metadata": {
        "colab": {
          "base_uri": "https://localhost:8080/"
        },
        "id": "9Po3secAMQU-",
        "outputId": "71bedde3-b1db-4d27-cc20-851cf8772478"
      },
      "outputs": [
        {
          "output_type": "stream",
          "name": "stdout",
          "text": [
            "Número de nós: 84\n",
            "Número de arestas: 227\n",
            "É acíclico: True\n"
          ]
        }
      ],
      "source": [
        "G_gt = gt.collection.ns[\"fresh_webs/AkatoreA\"]\n",
        "G_nx, N, M, aciclico = convert_graph_tool_to_networkx(G_gt)\n",
        "print(\"Número de nós:\", N)\n",
        "print(\"Número de arestas:\", M)\n",
        "print(f\"É acíclico: {aciclico}\")"
      ]
    },
    {
      "cell_type": "markdown",
      "metadata": {
        "id": "1hojFDUeMcPF"
      },
      "source": [
        "#### Calculando o número de nós e arestas da rede `bitcoin_alpha`"
      ]
    },
    {
      "cell_type": "code",
      "execution_count": 7,
      "metadata": {
        "colab": {
          "base_uri": "https://localhost:8080/"
        },
        "id": "DHlV_VW3N4hI",
        "outputId": "7cb4b084-9622-43b5-97ec-2cd8b46059d7"
      },
      "outputs": [
        {
          "output_type": "stream",
          "name": "stdout",
          "text": [
            "Número de nós: 3783\n",
            "Número de arestas: 24186\n",
            " É acíclico: False\n"
          ]
        }
      ],
      "source": [
        "G_gt = gt.collection.ns[\"bitcoin_alpha\"]\n",
        "G_nx, N, M, aciclico = convert_graph_tool_to_networkx(G_gt)\n",
        "print(\"Número de nós:\", N)\n",
        "print(\"Número de arestas:\", M)\n",
        "print(f\" É acíclico: {aciclico}\")"
      ]
    },
    {
      "cell_type": "markdown",
      "metadata": {
        "id": "2Y8HeSToMun5"
      },
      "source": [
        "#### Calculando o número de nós e arestas da rede `7th_graders`"
      ]
    },
    {
      "cell_type": "code",
      "execution_count": 8,
      "metadata": {
        "colab": {
          "base_uri": "https://localhost:8080/"
        },
        "id": "9UdlCYtrbBLi",
        "outputId": "6d252dc5-1582-41b0-919b-2dc699041f8e"
      },
      "outputs": [
        {
          "output_type": "stream",
          "name": "stdout",
          "text": [
            "Número de nós: 29\n",
            "Número de arestas: 376\n",
            " É acíclico: False\n"
          ]
        }
      ],
      "source": [
        "# Importando a rede do Graph-tool\n",
        "G_gt = gt.collection.ns[\"7th_graders\"]\n",
        "G_nx, N, M, aciclico = convert_graph_tool_to_networkx(G_gt)\n",
        "print(\"Número de nós:\", N)\n",
        "print(\"Número de arestas:\", M)\n",
        "print(f\" É acíclico: {aciclico}\")"
      ]
    },
    {
      "cell_type": "markdown",
      "metadata": {
        "id": "WuKKo6cHNjZP"
      },
      "source": [
        "**Exercício 2.** Para cada rede selecionada, calcular a matriz de adjacências A (remover pesos caso necessário). Transformar a rede direcionada em não direcionada (i.e. transformar a matriz de adjacências de não simétrica para simétrica). Calcular $X = A^3$ e $X = A^4$. (i.e. multiplique as\n",
        "matrizes de forma a gerar $A\\cdot A\\cdot A$ e $A\\cdot A\\cdot A\\cdot A$). Mostrar: quantidade de elementos das matrizes $X$ e $Y$ que possuem valor não nulo.\n",
        "**Opcional:** Verifique que o elemento $i, j$ da matriz $A^n$ representa o número de caminhos de comprimento $n$ entre os vértices $i$ e $j$."
      ]
    },
    {
      "cell_type": "markdown",
      "metadata": {
        "id": "2kXpXYZ7Pvup"
      },
      "source": [
        "# Função para transformar a rede direcionada em não direcionadas"
      ]
    },
    {
      "cell_type": "code",
      "execution_count": 9,
      "metadata": {
        "id": "yhbS90KqOJUC"
      },
      "outputs": [],
      "source": [
        "def processar_grafo(gt_graph):\n",
        "    \"\"\"\n",
        "    Converte um grafo do Graph-tool para NetworkX, removendo auto-laços, considerando\n",
        "    apenas o maior componente conectado, transformando o grafo em não direcionado,\n",
        "    e calcula a matriz adjacente e as potências dessa matriz.\n",
        "\n",
        "    Parâmetros:\n",
        "    gt_graph (GraphTool Graph): Grafo do Graph-tool.\n",
        "\n",
        "    Retorna:\n",
        "    A_potencia_n (np.ndarray): Matriz A^n após o cálculo.\n",
        "    A_potencia_m (np.ndarray): Matriz A^m após o cálculo.\n",
        "    \"\"\"\n",
        "    # Criando um grafo vazio do NetworkX\n",
        "    G_nx = nx.DiGraph()\n",
        "\n",
        "    # Adicionando arestas do grafo do Graph-tool para o grafo do NetworkX\n",
        "    for edge in gt_graph.edges():\n",
        "        G_nx.add_edge(edge.source(), edge.target())\n",
        "\n",
        "    # Removendo auto-laços\n",
        "    G_nx.remove_edges_from(nx.selfloop_edges(G_nx))\n",
        "\n",
        "    # Convertendo o grafo para não direcionado\n",
        "    G_nx = G_nx.to_undirected()\n",
        "\n",
        "    # Obtendo o maior componente conectado\n",
        "    Gcc = sorted(nx.connected_components(G_nx), key=len, reverse=True)\n",
        "    G_nx = G_nx.subgraph(Gcc[0]).copy()\n",
        "\n",
        "    # Convertendo rótulos de nós para inteiros\n",
        "    mapeamento = {node: idx for idx, node in enumerate(G_nx.nodes())}\n",
        "    G_nx = nx.relabel_nodes(G_nx, mapeamento)\n",
        "\n",
        "    # Obtendo o número de nós e arestas\n",
        "    N = len(G_nx)\n",
        "    M = G_nx.number_of_edges()\n",
        "    print(f\"Número de nós: {N}\")\n",
        "    print(f\"Número de arestas: {M}\")\n",
        "\n",
        "    # Calcula a matriz adjacente do grafo\n",
        "    A = nx.adjacency_matrix(G_nx).todense()\n",
        "\n",
        "    # Obtem o número de linhas e colunas da matriz\n",
        "    linhas, colunas = A.shape\n",
        "    print(f\"A matriz adjacente tem {linhas} linhas e {colunas} colunas.\")\n",
        "\n",
        "    # Conta e exibe a quantidade de elementos não nulos em A\n",
        "    elementos_nao_nulos_A = np.count_nonzero(A)\n",
        "    print(f\"Quantidade de elementos não nulos na matriz adjacente A: {elementos_nao_nulos_A}\")\n",
        "\n",
        "    print(\"Matriz adjacente:\")\n",
        "    print(A)\n",
        "\n",
        "    # Solicita os valores de n e m\n",
        "    n = int(input(\"Digite o valor de n para calcular A^n: \"))\n",
        "    m = int(input(\"Digite o valor de m para calcular A^m: \"))\n",
        "\n",
        "    # Calcula A^n\n",
        "    A_potencia_n = np.linalg.matrix_power(A, n)\n",
        "    elementos_nao_nulos_A_potencia_n = np.count_nonzero(A_potencia_n)\n",
        "    print(f\"Quantidade de elementos não nulos na matriz A^{n}: {elementos_nao_nulos_A_potencia_n}\")\n",
        "    print(f\"Matriz A^{n}:\")\n",
        "    print(A_potencia_n)\n",
        "\n",
        "    # Calcula A^m\n",
        "    A_potencia_m = np.linalg.matrix_power(A, m)\n",
        "    elementos_nao_nulos_A_potencia_m = np.count_nonzero(A_potencia_m)\n",
        "    print(f\"Quantidade de elementos não nulos na matriz A^{m}: {elementos_nao_nulos_A_potencia_m}\")\n",
        "    print(f\"Matriz A^{m}:\")\n",
        "    print(A_potencia_m)\n",
        "\n",
        "    return A_potencia_n, A_potencia_m"
      ]
    },
    {
      "cell_type": "markdown",
      "source": [
        "#### Calculando $A^{3}$ e $A^{4}$ assim como a quantidade de elemtnos não nulos da rede `fresh_webs`"
      ],
      "metadata": {
        "id": "9FfkNGX0rWOh"
      }
    },
    {
      "cell_type": "code",
      "execution_count": 10,
      "metadata": {
        "colab": {
          "base_uri": "https://localhost:8080/"
        },
        "id": "kH0PVuzVjXKe",
        "outputId": "f2928444-006f-4ce6-9fc7-5713c37ec49c"
      },
      "outputs": [
        {
          "output_type": "stream",
          "name": "stdout",
          "text": [
            "Número de nós: 84\n",
            "Número de arestas: 227\n",
            "A matriz adjacente tem 84 linhas e 84 colunas.\n",
            "Quantidade de elementos não nulos na matriz adjacente A: 454\n",
            "Matriz adjacente:\n",
            "[[0 1 1 ... 0 0 0]\n",
            " [1 0 0 ... 0 0 0]\n",
            " [1 0 0 ... 0 0 0]\n",
            " ...\n",
            " [0 0 0 ... 0 0 0]\n",
            " [0 0 0 ... 0 0 0]\n",
            " [0 0 0 ... 0 0 0]]\n",
            "Digite o valor de n para calcular A^n: 3\n",
            "Digite o valor de m para calcular A^m: 4\n",
            "Quantidade de elementos não nulos na matriz A^3: 4285\n",
            "Matriz A^3:\n",
            "[[20 48 97 ...  0  0  6]\n",
            " [48 14 23 ...  1  2  4]\n",
            " [97 23  2 ...  5  6 13]\n",
            " ...\n",
            " [ 0  1  5 ...  0  0  0]\n",
            " [ 0  2  6 ...  0  0  0]\n",
            " [ 6  4 13 ...  0  0  0]]\n",
            "Quantidade de elementos não nulos na matriz A^4: 5520\n",
            "Matriz A^4:\n",
            "[[2274  535  114 ...  114  130  302]\n",
            " [ 535  251  165 ...   25   22  107]\n",
            " [ 114  165  455 ...    1    2   18]\n",
            " ...\n",
            " [ 114   25    1 ...   20    2   17]\n",
            " [ 130   22    2 ...    2   20   12]\n",
            " [ 302  107   18 ...   17   12   63]]\n",
            "Matriz A^n resultante:\n",
            "[[20 48 97 ...  0  0  6]\n",
            " [48 14 23 ...  1  2  4]\n",
            " [97 23  2 ...  5  6 13]\n",
            " ...\n",
            " [ 0  1  5 ...  0  0  0]\n",
            " [ 0  2  6 ...  0  0  0]\n",
            " [ 6  4 13 ...  0  0  0]]\n",
            "Matriz A^m resultante:\n",
            "[[2274  535  114 ...  114  130  302]\n",
            " [ 535  251  165 ...   25   22  107]\n",
            " [ 114  165  455 ...    1    2   18]\n",
            " ...\n",
            " [ 114   25    1 ...   20    2   17]\n",
            " [ 130   22    2 ...    2   20   12]\n",
            " [ 302  107   18 ...   17   12   63]]\n"
          ]
        }
      ],
      "source": [
        "# Chamada da função com o grafo carregado\n",
        "G_gt = gt.collection.ns[\"fresh_webs/AkatoreA\"]\n",
        "A_potencia_n, A_potencia_m = processar_grafo(G_gt)\n",
        "\n",
        "# Imprimir as matrizes resultantes\n",
        "print(\"Matriz A^n resultante:\")\n",
        "print(A_potencia_n)\n",
        "\n",
        "print(\"Matriz A^m resultante:\")\n",
        "print(A_potencia_m)"
      ]
    },
    {
      "cell_type": "markdown",
      "source": [
        "#### Calculando $A^{3}$ e $A^{4}$ assim como a quantidade de elemtnos não nulos da rede `bitcoin_alpha`"
      ],
      "metadata": {
        "id": "8anNHJwJuOKE"
      }
    },
    {
      "cell_type": "code",
      "source": [
        "# Chamada da função com o grafo carregado\n",
        "G_gt = gt.collection.ns[\"bitcoin_alpha\"]\n",
        "A_potencia_n, A_potencia_m = processar_grafo(G_gt)\n",
        "\n",
        "# Imprimir as matrizes resultantes\n",
        "print(\"Matriz A^n resultante:\")\n",
        "print(A_potencia_n)\n",
        "\n",
        "print(\"Matriz A^m resultante:\")\n",
        "print(A_potencia_m)"
      ],
      "metadata": {
        "id": "3nvjOxmBujuA"
      },
      "execution_count": null,
      "outputs": []
    },
    {
      "cell_type": "markdown",
      "source": [
        "#### Calculando $A^{3}$ e $A^{4}$ assim como a quantidade de elemtnos não nulos da rede `7th_graders`"
      ],
      "metadata": {
        "id": "kb3D0-wCuUer"
      }
    },
    {
      "cell_type": "code",
      "execution_count": 12,
      "metadata": {
        "id": "Q5e6vYDAOJaC",
        "colab": {
          "base_uri": "https://localhost:8080/"
        },
        "outputId": "9c8fc5f7-85ef-4c36-8ab4-ac83cec43111"
      },
      "outputs": [
        {
          "output_type": "stream",
          "name": "stdout",
          "text": [
            "Número de nós: 29\n",
            "Número de arestas: 250\n",
            "A matriz adjacente tem 29 linhas e 29 colunas.\n",
            "Quantidade de elementos não nulos na matriz adjacente A: 500\n",
            "Matriz adjacente:\n",
            "[[0 1 1 1 1 1 1 1 1 1 1 1 1 1 1 0 0 0 0 0 0 1 0 0 0 0 0 0 0]\n",
            " [1 0 1 1 1 1 1 1 1 1 1 1 1 1 1 1 1 1 1 1 1 0 1 0 1 1 0 0 0]\n",
            " [1 1 0 1 1 1 1 1 1 1 1 1 1 1 1 1 1 1 1 1 1 1 1 1 1 1 1 1 1]\n",
            " [1 1 1 0 1 1 1 1 1 1 1 1 1 1 1 1 1 1 1 1 1 1 1 1 1 1 1 1 1]\n",
            " [1 1 1 1 0 1 1 1 0 0 1 0 0 1 1 1 0 0 1 1 0 1 0 1 0 0 0 0 0]\n",
            " [1 1 1 1 1 0 1 1 1 1 1 1 1 1 1 0 0 0 0 1 1 1 1 0 0 1 1 0 0]\n",
            " [1 1 1 1 1 1 0 1 1 1 1 1 0 1 1 0 0 0 1 1 1 1 1 0 0 1 1 1 0]\n",
            " [1 1 1 1 1 1 1 0 1 0 0 1 1 0 0 0 0 0 0 1 0 1 0 1 1 1 1 0 0]\n",
            " [1 1 1 1 0 1 1 1 0 1 1 1 1 1 1 0 0 0 0 1 1 1 1 1 1 1 1 1 0]\n",
            " [1 1 1 1 0 1 1 0 1 0 1 0 1 1 1 0 0 0 0 1 1 0 1 1 0 1 1 0 0]\n",
            " [1 1 1 1 1 1 1 0 1 1 0 1 1 1 1 0 0 0 0 1 1 0 1 0 1 1 1 0 0]\n",
            " [1 1 1 1 0 1 1 1 1 0 1 0 1 0 0 0 0 0 0 1 1 1 1 1 1 1 1 0 0]\n",
            " [1 1 1 1 0 1 0 1 1 1 1 1 0 0 1 0 0 0 0 1 1 0 1 1 1 1 1 0 0]\n",
            " [1 1 1 1 1 1 1 0 1 1 1 0 0 0 1 1 1 1 1 1 1 1 0 1 1 0 0 0 0]\n",
            " [1 1 1 1 1 1 1 0 1 1 1 0 1 1 0 0 1 0 1 1 1 0 1 1 1 0 0 0 0]\n",
            " [0 1 1 1 1 0 0 0 0 0 0 0 0 1 0 0 1 1 0 0 0 1 0 0 0 0 0 0 0]\n",
            " [0 1 1 1 0 0 0 0 0 0 0 0 0 1 1 1 0 1 1 0 0 1 0 1 1 0 0 0 0]\n",
            " [0 1 1 1 0 0 0 0 0 0 0 0 0 1 0 1 1 0 0 0 0 1 0 0 0 0 0 0 0]\n",
            " [0 1 1 1 1 0 1 0 0 0 0 0 0 1 1 0 1 0 0 0 0 1 0 0 0 0 0 0 0]\n",
            " [0 1 1 1 1 1 1 1 1 1 1 1 1 1 1 0 0 0 0 0 1 0 1 1 1 1 1 0 0]\n",
            " [0 1 1 1 0 1 1 0 1 1 1 1 1 1 1 0 0 0 0 1 0 0 1 1 0 1 1 0 1]\n",
            " [1 0 1 1 1 1 1 1 1 0 0 1 0 1 0 1 1 1 1 0 0 0 1 1 1 1 0 1 1]\n",
            " [0 1 1 1 0 1 1 0 1 1 1 1 1 0 1 0 0 0 0 1 1 1 0 1 1 1 1 0 1]\n",
            " [0 0 1 1 1 0 0 1 1 1 0 1 1 1 1 0 1 0 0 1 1 1 1 0 1 1 1 0 0]\n",
            " [0 1 1 1 0 0 0 1 1 0 1 1 1 1 1 0 1 0 0 1 0 1 1 1 0 1 1 0 0]\n",
            " [0 1 1 1 0 1 1 1 1 1 1 1 1 0 0 0 0 0 0 1 1 1 1 1 1 0 1 1 1]\n",
            " [0 0 1 1 0 1 1 1 1 1 1 1 1 0 0 0 0 0 0 1 1 0 1 1 1 1 0 1 1]\n",
            " [0 0 1 1 0 0 1 0 1 0 0 0 0 0 0 0 0 0 0 0 0 1 0 0 0 1 1 0 1]\n",
            " [0 0 1 1 0 0 0 0 0 0 0 0 0 0 0 0 0 0 0 0 1 1 1 0 0 1 1 1 0]]\n",
            "Digite o valor de n para calcular A^n: 3\n",
            "Digite o valor de m para calcular A^m: 4\n",
            "Quantidade de elementos não nulos na matriz A^3: 841\n",
            "Matriz A^3:\n",
            "[[174 253 290 290 175 235 239 193 253 211 229 219 218 221 223  82 113  73\n",
            "  101 233 207 203 216 199 192 220 200  88  88]\n",
            " [253 324 383 383 240 323 320 264 345 287 307 295 291 294 295 126 165 115\n",
            "  155 322 293 256 306 274 277 306 265 129 123]\n",
            " [290 383 444 445 270 375 372 306 399 330 358 343 338 336 340 145 187 132\n",
            "  177 375 339 309 354 327 321 357 318 158 152]\n",
            " [290 383 445 444 270 375 372 306 399 330 358 343 338 336 340 145 187 132\n",
            "  177 375 339 309 354 327 321 357 318 158 152]\n",
            " [175 240 270 270 154 222 222 177 226 184 215 189 190 206 207  93 109  77\n",
            "  110 220 189 193 196 198 180 198 178  84  80]\n",
            " [235 323 375 375 222 304 306 253 333 275 298 287 287 281 288 101 143  91\n",
            "  128 313 283 260 296 259 253 302 276 120 114]\n",
            " [239 320 372 372 222 306 300 255 329 274 297 285 277 280 286 108 145  97\n",
            "  138 311 283 259 296 260 254 299 271 128 115]\n",
            " [193 264 306 306 177 253 255 196 272 215 236 229 232 217 223  84 114  76\n",
            "  104 254 224 212 232 222 215 244 223  96  98]\n",
            " [253 345 399 399 226 333 329 272 352 293 322 306 306 293 303 112 148  99\n",
            "  140 337 305 275 318 291 280 322 294 137 128]\n",
            " [211 287 330 330 184 275 274 215 293 236 266 245 253 242 250  89 120  78\n",
            "  113 279 249 220 261 241 225 266 243 103 102]\n",
            " [229 307 358 358 215 298 297 236 322 266 282 276 277 266 273  97 136  89\n",
            "  124 301 274 238 285 252 252 291 263 114 111]\n",
            " [219 295 343 343 189 287 285 229 306 245 276 256 263 241 251  93 124  82\n",
            "  117 291 262 235 271 254 242 277 254 113 110]\n",
            " [218 291 338 338 190 287 277 232 306 253 277 263 260 242 258  92 122  82\n",
            "  118 291 264 225 274 250 242 278 253 113 108]\n",
            " [221 294 336 336 206 281 280 217 293 242 266 241 242 250 255 117 146 105\n",
            "  141 278 249 236 249 246 241 251 223 107 105]\n",
            " [223 295 340 340 207 288 286 223 303 250 273 251 258 255 254 105 142  95\n",
            "  133 286 258 226 266 249 244 262 233 109 106]\n",
            " [ 82 126 145 145  93 101 108  84 112  89  97  93  92 117 105  50  72  47\n",
            "   56 102  90 111  95  90  88  97  87  40  37]\n",
            " [113 165 187 187 109 143 145 114 148 120 136 124 122 146 142  72  84  63\n",
            "   80 141 123 139 127 134 126 130 116  56  54]\n",
            " [ 73 115 132 132  77  91  97  76  99  78  89  82  82 105  95  47  63  40\n",
            "   50  93  80 102  85  84  78  87  79  36  34]\n",
            " [101 155 177 177 110 128 138 104 140 113 124 117 118 141 133  56  80  50\n",
            "   64 129 113 132 118 112 107 122 111  47  46]\n",
            " [233 322 375 375 220 313 311 254 337 279 301 291 291 278 286 102 141  93\n",
            "  129 312 285 250 299 270 264 303 274 122 120]\n",
            " [207 293 339 339 189 283 283 224 305 249 274 262 264 249 258  90 123  80\n",
            "  113 285 252 226 268 248 232 275 251 109 115]\n",
            " [203 256 309 309 193 260 259 212 275 220 238 235 225 236 226 111 139 102\n",
            "  132 250 226 208 244 227 226 246 208 114 110]\n",
            " [216 306 354 354 196 296 296 232 318 261 285 271 274 249 266  95 127  85\n",
            "  118 299 268 244 274 261 250 285 263 115 121]\n",
            " [199 274 327 327 198 259 260 222 291 241 252 254 250 246 249  90 134  84\n",
            "  112 270 248 227 261 222 227 266 240 107 101]\n",
            " [192 277 321 321 180 253 254 215 280 225 252 242 242 241 244  88 126  78\n",
            "  107 264 232 226 250 227 212 256 235 101  99]\n",
            " [220 306 357 357 198 302 299 244 322 266 291 277 278 251 262  97 130  87\n",
            "  122 303 275 246 285 266 256 288 265 127 126]\n",
            " [200 265 318 318 178 276 271 223 294 243 263 254 253 223 233  87 116  79\n",
            "  111 274 251 208 263 240 235 265 236 117 117]\n",
            " [ 88 129 158 158  84 120 128  96 137 103 114 113 113 107 109  40  56  36\n",
            "   47 122 109 114 115 107 101 127 117  50  56]\n",
            " [ 88 123 152 152  80 114 115  98 128 102 111 110 108 105 106  37  54  34\n",
            "   46 120 115 110 121 101  99 126 117  56  48]]\n",
            "Quantidade de elementos não nulos na matriz A^4: 841\n",
            "Matriz A^4:\n",
            "[[3452 4607 5348 5348 3165 4467 4434 3593 4753 3900 4269 4044 4037 3975\n",
            "  4049 1618 2127 1452 2007 4483 4037 3661 4202 3877 3773 4256 3820 1783\n",
            "  1714]\n",
            " [4607 6345 7333 7333 4279 6029 6025 4857 6447 5284 5802 5492 5502 5443\n",
            "  5542 2160 2882 1931 2660 6072 5443 5076 5669 5267 5075 5767 5228 2381\n",
            "  2321]\n",
            " [5348 7333 8536 8535 4982 7006 7006 5666 7518 6150 6729 6410 6404 6318\n",
            "  6420 2506 3359 2249 3086 7055 6346 5890 6625 6111 5919 6746 6093 2796\n",
            "  2724]\n",
            " [5348 7333 8535 8536 4982 7006 7006 5666 7518 6150 6729 6410 6404 6318\n",
            "  6420 2506 3359 2249 3086 7055 6346 5890 6625 6111 5919 6746 6093 2796\n",
            "  2724]\n",
            " [3165 4279 4982 4982 3018 4099 4103 3325 4403 3622 3916 3759 3734 3754\n",
            "  3776 1519 2044 1381 1871 4111 3711 3436 3871 3536 3482 3923 3510 1637\n",
            "  1578]\n",
            " [4467 6029 7006 7006 4099 5868 5827 4710 6249 5134 5614 5331 5328 5165\n",
            "  5289 2070 2734 1858 2573 5876 5292 4778 5511 5102 4949 5590 5033 2341\n",
            "  2287]\n",
            " [4434 6025 7006 7006 4103 5827 5822 4676 6224 5098 5576 5300 5309 5172\n",
            "  5275 2067 2746 1856 2556 5838 5250 4800 5470 5070 4914 5564 5013 2317\n",
            "  2280]\n",
            " [3593 4857 5666 5666 3325 4710 4676 3857 5047 4156 4534 4339 4307 4205\n",
            "  4291 1672 2229 1503 2074 4741 4281 3889 4483 4091 3982 4540 4085 1916\n",
            "  1843]\n",
            " [4753 6447 7518 7518 4403 6249 6224 5047 6712 5501 5993 5732 5724 5541\n",
            "  5669 2184 2936 1971 2717 6288 5670 5137 5919 5428 5282 6021 5429 2498\n",
            "  2449]\n",
            " [3900 5284 6150 6150 3622 5134 5098 4156 5501 4550 4933 4718 4702 4550\n",
            "  4669 1791 2405 1618 2237 5165 4673 4197 4864 4441 4341 4927 4443 2058\n",
            "  2002]\n",
            " [4269 5802 6729 6729 3916 5614 5576 4534 5993 4933 5408 5120 5123 4968\n",
            "  5099 1967 2614 1760 2448 5648 5083 4606 5296 4887 4721 5367 4850 2238\n",
            "  2181]\n",
            " [4044 5492 6410 6410 3759 5331 5300 4339 5732 4718 5120 4932 4901 4739\n",
            "  4853 1852 2496 1674 2306 5369 4848 4381 5075 4622 4509 5160 4653 2153\n",
            "  2098]\n",
            " [4037 5502 6404 6404 3734 5328 5309 4307 5724 4702 5123 4901 4913 4719\n",
            "  4838 1828 2476 1648 2281 5373 4844 4370 5059 4629 4498 5142 4651 2123\n",
            "  2083]\n",
            " [3975 5443 6318 6318 3754 5165 5172 4205 5541 4550 4968 4739 4719 4769\n",
            "  4797 1909 2557 1715 2339 5198 4668 4369 4895 4491 4359 4962 4460 2060\n",
            "  1987]\n",
            " [4049 5542 6420 6420 3776 5289 5275 4291 5669 4669 5099 4853 4838 4797\n",
            "  4896 1900 2536 1703 2345 5335 4795 4427 5002 4598 4456 5084 4592 2096\n",
            "  2034]\n",
            " [1618 2160 2506 2506 1519 2070 2067 1672 2184 1791 1967 1852 1828 1909\n",
            "  1900  856 1080  766 1022 2054 1838 1752 1915 1817 1770 1932 1705  842\n",
            "   810]\n",
            " [2127 2882 3359 3359 2044 2734 2746 2229 2936 2405 2614 2496 2476 2557\n",
            "  2536 1080 1441  980 1304 2744 2467 2342 2582 2385 2342 2607 2317 1106\n",
            "  1065]\n",
            " [1452 1931 2249 2249 1381 1858 1856 1503 1971 1618 1760 1674 1648 1715\n",
            "  1703  766  980  696  918 1843 1659 1568 1729 1625 1600 1744 1535  762\n",
            "   733]\n",
            " [2007 2660 3086 3086 1871 2573 2556 2074 2717 2237 2448 2306 2281 2339\n",
            "  2345 1022 1304  918 1243 2558 2299 2135 2392 2242 2190 2406 2130 1043\n",
            "   997]\n",
            " [4483 6072 7055 7055 4111 5876 5838 4741 6288 5165 5648 5369 5373 5198\n",
            "  5335 2054 2744 1843 2558 5928 5337 4830 5559 5114 4959 5645 5102 2345\n",
            "  2283]\n",
            " [4037 5443 6346 6346 3711 5292 5250 4281 5670 4673 5083 4848 4844 4668\n",
            "  4795 1838 2467 1659 2299 5337 4840 4333 5033 4590 4483 5101 4606 2133\n",
            "  2059]\n",
            " [3661 5076 5890 5890 3436 4778 4800 3889 5137 4197 4606 4381 4370 4369\n",
            "  4427 1752 2342 1568 2135 4830 4333 4142 4513 4187 4043 4611 4185 1924\n",
            "  1864]\n",
            " [4202 5669 6625 6625 3871 5511 5470 4483 5919 4864 5296 5075 5059 4895\n",
            "  5002 1915 2582 1729 2392 5559 5033 4513 5272 4785 4662 5342 4814 2235\n",
            "  2157]\n",
            " [3877 5267 6111 6111 3536 5102 5070 4091 5428 4441 4887 4622 4629 4491\n",
            "  4598 1817 2385 1625 2242 5114 4590 4187 4785 4478 4312 4860 4385 2039\n",
            "  2003]\n",
            " [3773 5075 5919 5919 3482 4949 4914 3982 5282 4341 4721 4509 4498 4359\n",
            "  4456 1770 2342 1600 2190 4959 4483 4043 4662 4312 4219 4728 4246 1992\n",
            "  1942]\n",
            " [4256 5767 6746 6746 3923 5590 5564 4540 6021 4927 5367 5160 5142 4962\n",
            "  5084 1932 2607 1744 2406 5645 5101 4611 5342 4860 4728 5448 4919 2260\n",
            "  2200]\n",
            " [3820 5228 6093 6093 3510 5033 5013 4085 5429 4443 4850 4653 4651 4460\n",
            "  4592 1705 2317 1535 2130 5102 4606 4185 4814 4385 4246 4919 4475 2027\n",
            "  1976]\n",
            " [1783 2381 2796 2796 1637 2341 2317 1916 2498 2058 2238 2153 2123 2060\n",
            "  2096  842 1106  762 1043 2345 2133 1924 2235 2039 1992 2260 2027  995\n",
            "   948]\n",
            " [1714 2321 2724 2724 1578 2287 2280 1843 2449 2002 2181 2098 2083 1987\n",
            "  2034  810 1065  733  997 2283 2059 1864 2157 2003 1942 2200 1976  948\n",
            "   949]]\n",
            "Matriz A^n resultante:\n",
            "[[174 253 290 290 175 235 239 193 253 211 229 219 218 221 223  82 113  73\n",
            "  101 233 207 203 216 199 192 220 200  88  88]\n",
            " [253 324 383 383 240 323 320 264 345 287 307 295 291 294 295 126 165 115\n",
            "  155 322 293 256 306 274 277 306 265 129 123]\n",
            " [290 383 444 445 270 375 372 306 399 330 358 343 338 336 340 145 187 132\n",
            "  177 375 339 309 354 327 321 357 318 158 152]\n",
            " [290 383 445 444 270 375 372 306 399 330 358 343 338 336 340 145 187 132\n",
            "  177 375 339 309 354 327 321 357 318 158 152]\n",
            " [175 240 270 270 154 222 222 177 226 184 215 189 190 206 207  93 109  77\n",
            "  110 220 189 193 196 198 180 198 178  84  80]\n",
            " [235 323 375 375 222 304 306 253 333 275 298 287 287 281 288 101 143  91\n",
            "  128 313 283 260 296 259 253 302 276 120 114]\n",
            " [239 320 372 372 222 306 300 255 329 274 297 285 277 280 286 108 145  97\n",
            "  138 311 283 259 296 260 254 299 271 128 115]\n",
            " [193 264 306 306 177 253 255 196 272 215 236 229 232 217 223  84 114  76\n",
            "  104 254 224 212 232 222 215 244 223  96  98]\n",
            " [253 345 399 399 226 333 329 272 352 293 322 306 306 293 303 112 148  99\n",
            "  140 337 305 275 318 291 280 322 294 137 128]\n",
